0 1
0 2
0 3
0 4
0 6
0 7
0 8
0 9
0 10
0 11
0 12
0 13
0 14
0 15
0 16
0 17
0 18
0 19
0 20
0 22
0 23
0 24
0 25
0 26
0 27
0 28
0 29
0 30
0 31
0 32
0 33
0 34
0 35
0 36
0 37
0 38
0 39
0 41
0 42
0 43
0 44
0 45
0 47
0 48
0 49
0 50
0 51
0 52
0 54
0 55
0 56
0 57
0 58
0 59
0 60
0 61
0 62
0 63
0 64
0 65
0 66
0 67
0 68
0 69
0 70
0 71
0 72
0 73
0 74
0 75
0 76
0 77
0 78
0 79
0 80
0 81
0 82
0 83
0 84
0 85
0 87
0 88
0 89
0 90
0 91
0 93
0 94
0 95
0 96
0 98
0 99
1 5
3 5
5 6
5 7
5 8
5 9
5 10
5 11
5 12
5 13
5 14
5 15
5 16
5 18
5 19
5 20
5 23
5 24
5 27
5 28
5 29
5 31
5 32
5 33
5 34
5 35
5 36
5 38
5 40
5 41
5 42
5 43
5 44
5 45
5 46
5 47
5 48
5 49
5 50
5 52
5 53
5 54
5 55
5 56
5 57
5 58
5 59
5 60
5 61
5 62
5 63
5 64
5 65
5 67
5 68
5 69
5 70
5 71
5 72
5 73
5 74
5 75
5 76
5 78
5 79
5 80
5 81
5 83
5 84
5 87
5 90
5 91
5 92
5 93
5 94
5 95
5 96
5 98
5 99
1 21
2 21
3 21
6 21
7 21
8 21
9 21
10 21
11 21
12 21
13 21
14 21
15 21
16 21
17 21
18 21
19 21
20 21
21 22
21 23
21 24
21 25
21 26
21 27
21 28
21 29
21 30
21 31
21 32
21 33
21 34
21 35
21 36
21 37
21 38
21 39
21 40
21 41
21 42
21 43
21 44
21 45
21 47
21 48
21 49
21 50
21 51
21 52
21 54
21 55
21 56
21 57
21 58
21 59
21 60
21 61
21 62
21 63
21 64
21 65
21 67
21 68
21 69
21 70
21 71
21 72
21 73
21 74
21 75
21 76
21 77
21 78
21 79
21 80
21 81
21 83
21 84
21 85
21 87
21 88
21 89
21 90
21 91
21 93
21 94
21 95
21 96
21 97
21 98
21 99
1 40
2 40
3 40
4 40
7 40
8 40
9 40
10 40
11 40
12 40
13 40
14 40
15 40
16 40
17 40
18 40
19 40
20 40
22 40
24 40
25 40
26 40
27 40
28 40
29 40
30 40
31 40
32 40
33 40
36 40
37 40
38 40
39 40
40 41
40 42
40 43
40 44
40 45
40 47
40 48
40 49
40 50
40 51
40 52
40 54
40 55
40 56
40 58
40 59
40 60
40 61
40 62
40 63
40 64
40 65
40 66
40 68
40 69
40 70
40 71
40 72
40 73
40 75
40 77
40 78
40 79
40 80
40 81
40 82
40 83
40 85
40 86
40 87
40 88
40 89
40 90
40 91
40 93
40 95
40 96
40 97
40 98
40 99
1 46
2 46
3 46
4 46
6 46
7 46
8 46
9 46
10 46
11 46
12 46
13 46
14 46
15 46
16 46
17 46
18 46
19 46
20 46
22 46
23 46
24 46
25 46
26 46
27 46
28 46
29 46
30 46
31 46
32 46
33 46
34 46
36 46
37 46
38 46
39 46
41 46
42 46
43 46
44 46
45 46
46 47
46 48
46 49
46 50
46 51
46 52
46 54
46 55
46 57
46 58
46 59
46 60
46 61
46 62
46 63
46 64
46 65
46 66
46 68
46 69
46 70
46 71
46 72
46 73
46 74
46 75
46 76
46 77
46 78
46 79
46 80
46 81
46 82
46 83
46 84
46 85
46 87
46 88
46 89
46 90
46 91
46 93
46 94
46 96
46 98
1 53
2 53
3 53
4 53
7 53
8 53
9 53
10 53
11 53
12 53
13 53
14 53
15 53
16 53
17 53
18 53
19 53
20 53
22 53
24 53
25 53
26 53
27 53
28 53
29 53
30 53
31 53
32 53
33 53
36 53
37 53
38 53
39 53
41 53
42 53
43 53
44 53
45 53
47 53
48 53
49 53
50 53
51 53
52 53
53 54
53 55
53 56
53 58
53 59
53 60
53 61
53 62
53 63
53 64
53 65
53 66
53 68
53 69
53 70
53 71
53 72
53 73
53 75
53 76
53 77
53 78
53 79
53 80
53 81
53 82
53 83
53 85
53 86
53 87
53 88
53 89
53 90
53 91
53 93
53 95
53 96
53 97
53 98
1 86
6 86
7 86
8 86
9 86
10 86
11 86
12 86
13 86
14 86
15 86
16 86
18 86
19 86
20 86
23 86
24 86
26 86
27 86
28 86
29 86
31 86
32 86
33 86
34 86
35 86
36 86
37 86
38 86
41 86
42 86
43 86
44 86
45 86
47 86
48 86
49 86
50 86
51 86
52 86
54 86
55 86
56 86
57 86
58 86
59 86
60 86
61 86
62 86
63 86
64 86
65 86
66 86
67 86
68 86
69 86
70 86
71 86
72 86
73 86
74 86
75 86
76 86
77 86
78 86
79 86
80 86
81 86
83 86
84 86
86 87
86 90
86 91
86 93
86 94
86 95
86 96
86 98
86 99
1 92
2 92
3 92
4 92
6 92
7 92
8 92
9 92
10 92
11 92
12 92
13 92
14 92
15 92
16 92
17 92
18 92
19 92
20 92
22 92
23 92
24 92
25 92
26 92
27 92
28 92
29 92
30 92
31 92
32 92
33 92
34 92
36 92
37 92
38 92
39 92
41 92
42 92
43 92
44 92
45 92
47 92
48 92
49 92
50 92
51 92
52 92
54 92
55 92
57 92
58 92
59 92
60 92
61 92
62 92
63 92
64 92
65 92
66 92
68 92
69 92
70 92
71 92
72 92
73 92
74 92
75 92
76 92
77 92
78 92
79 92
80 92
81 92
82 92
83 92
84 92
85 92
87 92
88 92
89 92
90 92
91 92
92 93
92 94
92 96
92 98
1 97
6 97
7 97
8 97
9 97
10 97
11 97
12 97
13 97
14 97
15 97
16 97
18 97
19 97
20 97
23 97
24 97
26 97
27 97
28 97
29 97
31 97
32 97
33 97
34 97
35 97
36 97
37 97
38 97
41 97
42 97
43 97
44 97
45 97
47 97
48 97
49 97
50 97
51 97
52 97
54 97
55 97
56 97
57 97
58 97
59 97
60 97
61 97
62 97
63 97
64 97
65 97
66 97
67 97
68 97
69 97
70 97
71 97
72 97
73 97
74 97
75 97
76 97
77 97
78 97
79 97
80 97
81 97
82 97
83 97
84 97
87 97
88 97
89 97
90 97
91 97
93 97
94 97
95 97
96 97
97 98
97 99
1 2
2 3
2 6
2 7
2 8
2 9
2 10
2 11
2 12
2 13
2 14
2 15
2 16
2 18
2 19
2 20
2 23
2 24
2 25
2 27
2 28
2 29
2 31
2 32
2 33
2 34
2 35
2 36
2 37
2 38
2 41
2 42
2 43
2 44
2 45
2 47
2 48
2 49
2 50
2 52
2 54
2 55
2 56
2 57
2 58
2 59
2 60
2 61
2 62
2 63
2 64
2 65
2 67
2 68
2 69
2 70
2 71
2 72
2 73
2 74
2 75
2 76
2 77
2 78
2 79
2 80
2 81
2 83
2 84
2 87
2 90
2 91
2 93
2 94
2 95
2 96
2 98
2 99
1 4
4 6
4 7
4 8
4 9
4 10
4 11
4 12
4 13
4 14
4 15
4 16
4 18
4 19
4 20
4 23
4 24
4 27
4 28
4 29
4 31
4 32
4 33
4 34
4 35
4 36
4 38
4 41
4 42
4 43
4 44
4 45
4 47
4 48
4 49
4 50
4 52
4 54
4 55
4 56
4 57
4 58
4 59
4 60
4 61
4 62
4 63
4 64
4 65
4 67
4 68
4 69
4 70
4 71
4 72
4 73
4 74
4 75
4 76
4 78
4 79
4 80
4 81
4 83
4 84
4 87
4 90
4 91
4 93
4 94
4 95
4 96
4 98
4 99
1 17
6 17
7 17
8 17
9 17
10 17
11 17
12 17
13 17
14 17
15 17
16 17
17 19
17 20
17 23
17 24
17 27
17 28
17 29
17 31
17 32
17 33
17 34
17 35
17 36
17 38
17 41
17 42
17 43
17 44
17 45
17 47
17 48
17 49
17 50
17 52
17 54
17 55
17 56
17 57
17 58
17 59
17 60
17 61
17 62
17 64
17 65
17 66
17 67
17 68
17 69
17 70
17 71
17 72
17 73
17 74
17 75
17 76
17 78
17 79
17 80
17 81
17 83
17 84
17 87
17 90
17 91
17 93
17 94
17 95
17 96
17 98
17 99
1 22
6 22
7 22
8 22
9 22
10 22
11 22
12 22
13 22
14 22
15 22
16 22
19 22
20 22
22 23
22 24
22 27
22 28
22 29
22 31
22 32
22 33
22 34
22 35
22 36
22 38
22 41
22 42
22 43
22 44
22 45
22 47
22 48
22 49
22 50
22 52
22 54
22 55
22 56
22 57
22 58
22 59
22 60
22 61
22 62
22 63
22 64
22 65
22 67
22 68
22 69
22 70
22 71
22 72
22 73
22 74
22 75
22 76
22 77
22 78
22 79
22 80
22 81
22 83
22 84
22 87
22 90
22 91
22 93
22 94
22 95
22 96
22 98
22 99
1 25
6 25
7 25
8 25
9 25
10 25
11 25
12 25
13 25
14 25
15 25
16 25
18 25
19 25
20 25
23 25
24 25
25 26
25 27
25 28
25 29
25 30
25 32
25 34
25 35
25 36
25 38
25 41
25 42
25 43
25 44
25 45
25 47
25 48
25 49
25 50
25 51
25 52
25 54
25 55
25 56
25 57
25 58
25 59
25 60
25 61
25 64
25 65
25 66
25 67
25 68
25 69
25 70
25 71
25 72
25 73
25 74
25 75
25 76
25 78
25 79
25 80
25 81
25 82
25 83
25 84
25 87
25 88
25 89
25 90
25 91
25 93
25 94
25 95
25 96
25 98
25 99
1 26
3 26
6 26
7 26
8 26
9 26
10 26
11 26
12 26
14 26
15 26
16 26
18 26
19 26
23 26
24 26
26 27
26 28
26 31
26 32
26 33
26 34
26 35
26 36
26 37
26 39
26 41
26 42
26 43
26 44
26 45
26 47
26 48
26 49
26 54
26 55
26 56
26 57
26 58
26 59
26 60
26 61
26 62
26 63
26 64
26 65
26 67
26 68
26 69
26 70
26 71
26 72
26 73
26 74
26 75
26 76
26 77
26 78
26 79
26 80
26 83
26 84
26 87
26 90
26 91
26 93
26 94
26 95
26 96
26 98
26 99
1 30
6 30
7 30
8 30
9 30
10 30
11 30
12 30
13 30
14 30
16 30
18 30
19 30
20 30
23 30
24 30
27 30
28 30
29 30
30 31
30 32
30 34
30 35
30 36
30 37
30 38
30 41
30 42
30 43
30 44
30 45
30 47
30 48
30 49
30 50
30 51
30 52
30 54
30 55
30 56
30 57
30 58
30 59
30 60
30 61
30 62
30 63
30 64
30 65
30 66
30 67
30 68
30 69
30 70
30 71
30 72
30 73
30 74
30 75
30 76
30 77
30 78
30 79
30 80
30 81
30 82
30 83
30 84
30 87
30 88
30 90
30 91
30 93
30 94
30 95
30 96
30 98
30 99
1 37
6 37
7 37
8 37
9 37
10 37
11 37
12 37
13 37
15 37
16 37
18 37
19 37
20 37
23 37
24 37
27 37
28 37
29 37
32 37
33 37
34 37
35 37
36 37
37 38
37 39
37 41
37 42
37 44
37 48
37 49
37 50
37 51
37 52
37 54
37 55
37 56
37 57
37 58
37 59
37 60
37 61
37 62
37 63
37 65
37 66
37 67
37 68
37 69
37 70
37 71
37 73
37 74
37 75
37 76
37 78
37 79
37 81
37 82
37 83
37 84
37 85
37 88
37 89
37 90
37 91
37 94
37 95
37 96
37 99
1 39
6 39
7 39
8 39
9 39
10 39
11 39
12 39
13 39
14 39
15 39
16 39
19 39
20 39
23 39
24 39
27 39
28 39
29 39
31 39
32 39
34 39
35 39
36 39
38 39
39 41
39 42
39 43
39 44
39 45
39 47
39 48
39 49
39 50
39 51
39 52
39 54
39 55
39 56
39 57
39 58
39 59
39 60
39 61
39 62
39 64
39 65
39 66
39 67
39 68
39 69
39 70
39 71
39 72
39 73
39 74
39 75
39 76
39 78
39 79
39 80
39 81
39 82
39 83
39 84
39 87
39 88
39 90
39 91
39 93
39 94
39 95
39 96
39 98
39 99
1 51
3 51
6 51
7 51
8 51
9 51
10 51
11 51
12 51
14 51
15 51
16 51
18 51
19 51
23 51
24 51
27 51
28 51
31 51
32 51
33 51
34 51
35 51
36 51
41 51
42 51
43 51
44 51
45 51
47 51
48 51
49 51
51 54
51 55
51 56
51 57
51 58
51 59
51 60
51 61
51 62
51 63
51 64
51 65
51 67
51 68
51 69
51 70
51 71
51 72
51 73
51 74
51 75
51 76
51 77
51 78
51 79
51 80
51 83
51 84
51 87
51 90
51 91
51 93
51 95
51 96
51 98
51 99
1 66
3 66
6 66
7 66
8 66
9 66
10 66
11 66
12 66
13 66
14 66
15 66
16 66
18 66
19 66
20 66
23 66
24 66
27 66
28 66
29 66
31 66
32 66
33 66
34 66
35 66
36 66
38 66
41 66
42 66
43 66
44 66
45 66
47 66
48 66
49 66
50 66
52 66
54 66
55 66
56 66
57 66
58 66
59 66
60 66
61 66
62 66
63 66
64 66
65 66
66 67
66 68
66 69
66 70
66 71
66 72
66 73
66 74
66 75
66 76
66 77
66 78
66 79
66 80
66 81
66 83
66 84
66 87
66 90
66 91
66 93
66 94
66 95
66 96
66 98
66 99
1 77
6 77
7 77
8 77
11 77
12 77
13 77
14 77
15 77
16 77
18 77
19 77
20 77
23 77
24 77
28 77
29 77
33 77
34 77
35 77
36 77
38 77
41 77
42 77
43 77
44 77
45 77
48 77
49 77
50 77
52 77
54 77
55 77
56 77
57 77
58 77
60 77
61 77
63 77
65 77
67 77
68 77
69 77
70 77
71 77
72 77
73 77
74 77
75 77
76 77
77 78
77 79
77 81
77 82
77 83
77 84
77 85
77 87
77 88
77 89
77 90
77 91
77 93
77 94
77 95
77 96
77 99
1 82
3 82
6 82
7 82
8 82
9 82
10 82
11 82
12 82
13 82
14 82
15 82
16 82
18 82
19 82
20 82
23 82
24 82
27 82
28 82
29 82
31 82
32 82
33 82
34 82
35 82
36 82
38 82
41 82
42 82
43 82
44 82
45 82
47 82
48 82
49 82
50 82
52 82
54 82
55 82
56 82
57 82
58 82
59 82
60 82
61 82
62 82
63 82
64 82
65 82
67 82
68 82
69 82
70 82
71 82
72 82
73 82
74 82
75 82
76 82
78 82
79 82
80 82
81 82
82 83
82 84
82 87
82 90
82 91
82 93
82 94
82 95
82 96
82 98
82 99
1 85
6 85
7 85
8 85
9 85
10 85
11 85
12 85
13 85
14 85
16 85
19 85
20 85
23 85
24 85
27 85
28 85
29 85
31 85
32 85
33 85
34 85
35 85
36 85
38 85
41 85
42 85
43 85
44 85
45 85
47 85
48 85
49 85
50 85
52 85
54 85
55 85
56 85
57 85
58 85
59 85
60 85
61 85
62 85
64 85
65 85
67 85
68 85
69 85
70 85
71 85
72 85
73 85
74 85
75 85
76 85
78 85
79 85
80 85
83 85
84 85
85 87
85 90
85 91
85 93
85 94
85 95
85 96
85 98
85 99
1 88
3 88
6 88
7 88
8 88
9 88
10 88
11 88
12 88
13 88
14 88
15 88
16 88
18 88
19 88
20 88
23 88
24 88
27 88
28 88
29 88
31 88
32 88
33 88
34 88
35 88
36 88
38 88
41 88
42 88
43 88
44 88
45 88
47 88
48 88
49 88
50 88
52 88
54 88
55 88
56 88
57 88
58 88
59 88
60 88
61 88
62 88
63 88
64 88
65 88
67 88
68 88
69 88
70 88
71 88
72 88
73 88
74 88
75 88
76 88
78 88
79 88
80 88
81 88
83 88
84 88
87 88
88 90
88 91
88 93
88 94
88 95
88 96
88 98
88 99
1 89
3 89
6 89
7 89
8 89
9 89
10 89
11 89
12 89
13 89
14 89
16 89
18 89
19 89
23 89
24 89
27 89
28 89
29 89
31 89
32 89
33 89
34 89
35 89
36 89
41 89
42 89
43 89
44 89
45 89
47 89
48 89
49 89
50 89
52 89
54 89
55 89
56 89
57 89
58 89
59 89
61 89
62 89
63 89
64 89
65 89
67 89
68 89
69 89
70 89
71 89
72 89
73 89
74 89
75 89
76 89
78 89
79 89
80 89
83 89
84 89
87 89
89 90
89 91
89 93
89 94
89 95
89 96
89 98
89 99
1 6
3 6
6 7
6 8
6 9
6 10
6 11
6 12
6 13
6 14
6 15
6 16
6 18
6 19
6 20
6 24
6 27
6 28
6 29
6 31
6 32
6 33
6 36
6 38
6 41
6 42
6 43
6 44
6 45
6 47
6 48
6 49
6 50
6 54
6 55
6 56
6 58
6 59
6 61
6 62
6 63
6 64
6 65
6 68
6 69
6 70
6 71
6 72
6 73
6 75
6 78
6 79
6 80
6 81
6 83
6 87
6 90
6 91
6 93
6 95
6 98
6 99
1 23
3 23
7 23
8 23
9 23
10 23
11 23
12 23
14 23
15 23
16 23
18 23
19 23
23 24
23 27
23 28
23 31
23 32
23 33
23 36
23 41
23 42
23 43
23 44
23 45
23 47
23 48
23 49
23 54
23 55
23 56
23 58
23 59
23 61
23 62
23 63
23 64
23 65
23 68
23 69
23 70
23 71
23 72
23 73
23 75
23 78
23 79
23 80
23 83
23 87
23 90
23 91
23 93
23 95
23 98
23 99
1 34
3 34
7 34
8 34
9 34
10 34
11 34
12 34
14 34
15 34
16 34
18 34
19 34
24 34
27 34
28 34
29 34
31 34
32 34
33 34
34 36
34 41
34 42
34 43
34 44
34 45
34 47
34 48
34 49
34 54
34 55
34 56
34 58
34 59
34 60
34 61
34 62
34 63
34 64
34 65
34 68
34 69
34 70
34 71
34 72
34 73
34 75
34 78
34 79
34 80
34 81
34 83
34 87
34 90
34 91
34 93
34 95
34 96
34 98
34 99
1 35
3 35
7 35
8 35
9 35
10 35
11 35
12 35
13 35
14 35
15 35
16 35
18 35
19 35
20 35
27 35
28 35
29 35
31 35
32 35
33 35
35 36
35 38
35 41
35 42
35 43
35 44
35 45
35 47
35 48
35 49
35 50
35 54
35 55
35 58
35 59
35 61
35 62
35 63
35 64
35 65
35 68
35 69
35 70
35 71
35 72
35 73
35 75
35 78
35 79
35 80
35 81
35 83
35 87
35 90
35 91
35 93
35 98
1 57
3 57
7 57
8 57
9 57
10 57
11 57
12 57
13 57
14 57
15 57
16 57
18 57
19 57
20 57
27 57
28 57
29 57
31 57
32 57
33 57
36 57
38 57
41 57
42 57
43 57
44 57
45 57
47 57
48 57
49 57
50 57
54 57
55 57
56 57
57 58
57 59
57 61
57 62
57 63
57 64
57 65
57 68
57 69
57 70
57 71
57 72
57 73
57 75
57 78
57 79
57 80
57 81
57 83
57 87
57 90
57 91
57 93
57 98
1 67
3 67
7 67
8 67
9 67
10 67
11 67
12 67
13 67
14 67
15 67
16 67
18 67
19 67
20 67
27 67
28 67
29 67
31 67
32 67
33 67
36 67
38 67
41 67
42 67
43 67
44 67
45 67
47 67
48 67
49 67
50 67
54 67
55 67
59 67
61 67
62 67
63 67
64 67
65 67
67 68
67 69
67 70
67 71
67 72
67 73
67 75
67 78
67 79
67 80
67 81
67 83
67 87
67 90
67 91
67 93
67 98
1 74
3 74
7 74
8 74
9 74
10 74
11 74
12 74
14 74
15 74
16 74
18 74
19 74
24 74
27 74
28 74
31 74
32 74
33 74
36 74
41 74
42 74
43 74
44 74
45 74
47 74
48 74
49 74
54 74
55 74
56 74
58 74
59 74
61 74
62 74
63 74
64 74
65 74
68 74
69 74
70 74
71 74
72 74
73 74
74 75
74 78
74 79
74 80
74 83
74 87
74 90
74 91
74 93
74 95
74 96
74 98
74 99
1 76
3 76
7 76
8 76
9 76
10 76
11 76
12 76
13 76
14 76
15 76
16 76
18 76
19 76
27 76
28 76
29 76
31 76
32 76
33 76
36 76
41 76
42 76
43 76
44 76
45 76
47 76
48 76
49 76
50 76
54 76
55 76
56 76
58 76
59 76
61 76
62 76
63 76
64 76
65 76
68 76
69 76
70 76
71 76
72 76
73 76
75 76
76 78
76 79
76 80
76 81
76 87
76 90
76 91
76 93
76 98
1 84
3 84
7 84
8 84
9 84
10 84
11 84
12 84
13 84
14 84
15 84
16 84
18 84
19 84
20 84
24 84
27 84
28 84
29 84
31 84
32 84
33 84
36 84
38 84
41 84
42 84
43 84
44 84
45 84
47 84
48 84
49 84
50 84
54 84
55 84
56 84
58 84
59 84
61 84
62 84
63 84
64 84
65 84
68 84
69 84
70 84
71 84
72 84
73 84
75 84
78 84
79 84
80 84
81 84
83 84
84 87
84 90
84 91
84 93
84 95
84 98
84 99
1 94
3 94
7 94
8 94
9 94
10 94
11 94
12 94
14 94
15 94
16 94
18 94
19 94
27 94
28 94
31 94
32 94
33 94
36 94
41 94
42 94
43 94
44 94
45 94
47 94
48 94
49 94
54 94
55 94
56 94
58 94
59 94
61 94
62 94
63 94
64 94
65 94
68 94
69 94
70 94
71 94
72 94
73 94
75 94
78 94
79 94
80 94
83 94
87 94
90 94
91 94
93 94
94 95
94 98
94 99
1 56
3 56
7 56
8 56
9 56
10 56
11 56
12 56
13 56
14 56
15 56
16 56
18 56
19 56
20 56
27 56
28 56
29 56
31 56
32 56
33 56
36 56
38 56
41 56
42 56
43 56
44 56
45 56
47 56
48 56
49 56
50 56
52 56
54 56
55 56
56 58
56 59
56 60
56 61
56 62
56 63
56 64
56 68
56 69
56 70
56 71
56 72
56 73
56 78
56 79
56 80
56 81
56 83
56 87
56 90
56 91
56 93
56 98
1 95
3 95
7 95
8 95
9 95
10 95
13 95
14 95
15 95
18 95
20 95
27 95
28 95
29 95
31 95
32 95
33 95
36 95
38 95
41 95
42 95
43 95
44 95
45 95
47 95
48 95
49 95
50 95
52 95
54 95
55 95
58 95
59 95
61 95
62 95
63 95
64 95
69 95
70 95
71 95
72 95
73 95
78 95
79 95
80 95
81 95
87 95
90 95
91 95
93 95
95 98
1 99
3 99
7 99
8 99
9 99
10 99
11 99
12 99
13 99
14 99
15 99
16 99
18 99
19 99
20 99
27 99
28 99
29 99
31 99
32 99
33 99
36 99
38 99
41 99
42 99
43 99
44 99
45 99
47 99
48 99
49 99
50 99
52 99
54 99
55 99
58 99
59 99
60 99
61 99
62 99
63 99
64 99
69 99
70 99
71 99
72 99
73 99
75 99
78 99
79 99
80 99
81 99
83 99
87 99
90 99
91 99
93 99
98 99
1 3
3 7
3 8
3 9
3 10
3 11
3 12
3 13
3 14
3 15
3 16
3 18
3 19
3 20
3 24
3 27
3 28
3 29
3 31
3 32
3 36
3 38
3 41
3 42
3 43
3 44
3 45
3 47
3 48
3 49
3 50
3 52
3 54
3 55
3 58
3 59
3 60
3 61
3 62
3 64
3 65
3 68
3 69
3 70
3 71
3 72
3 73
3 75
3 78
3 79
3 80
3 81
3 83
3 87
3 90
3 91
3 93
3 96
3 98
1 18
8 18
9 18
10 18
11 18
12 18
13 18
14 18
15 18
16 18
18 19
18 20
18 24
18 28
18 29
18 31
18 32
18 33
18 36
18 38
18 41
18 42
18 43
18 44
18 47
18 48
18 49
18 50
18 52
18 55
18 58
18 59
18 60
18 62
18 64
18 65
18 68
18 69
18 70
18 71
18 72
18 75
18 78
18 79
18 80
18 81
18 83
18 87
18 90
18 91
18 93
18 96
18 98
1 63
7 63
8 63
9 63
10 63
11 63
12 63
13 63
14 63
15 63
16 63
19 63
20 63
24 63
27 63
28 63
29 63
31 63
32 63
33 63
36 63
38 63
41 63
42 63
43 63
44 63
45 63
47 63
48 63
49 63
50 63
52 63
54 63
55 63
58 63
59 63
60 63
62 63
63 64
63 65
63 68
63 69
63 70
63 71
63 72
63 73
63 75
63 78
63 79
63 80
63 81
63 83
63 87
63 90
63 91
63 93
63 96
63 98
1 31
7 31
8 31
11 31
12 31
13 31
14 31
15 31
16 31
19 31
20 31
24 31
27 31
28 31
29 31
31 33
31 38
31 41
31 43
31 44
31 45
31 48
31 49
31 50
31 52
31 54
31 55
31 58
31 60
31 61
31 65
31 69
31 70
31 71
31 72
31 73
31 75
31 78
31 79
31 81
31 87
31 93
31 96
1 33
7 33
8 33
9 33
10 33
11 33
12 33
13 33
14 33
15 33
16 33
19 33
20 33
24 33
27 33
28 33
29 33
32 33
33 36
33 38
33 41
33 42
33 43
33 44
33 45
33 47
33 48
33 49
33 50
33 52
33 54
33 55
33 58
33 59
33 60
33 61
33 62
33 64
33 65
33 68
33 69
33 70
33 71
33 72
33 73
33 75
33 78
33 79
33 80
33 81
33 83
33 87
33 90
33 91
33 93
33 96
33 98
1 62
7 62
8 62
11 62
12 62
13 62
14 62
15 62
16 62
19 62
20 62
24 62
27 62
28 62
29 62
36 62
38 62
41 62
43 62
45 62
48 62
49 62
50 62
52 62
54 62
55 62
60 62
61 62
62 65
62 68
62 70
62 71
62 72
62 73
62 75
62 78
62 79
62 81
62 83
62 87
62 93
62 96
1 13
7 13
8 13
9 13
10 13
11 13
12 13
13 14
13 15
13 16
13 19
13 24
13 27
13 28
13 32
13 36
13 41
13 42
13 43
13 44
13 45
13 47
13 48
13 49
13 54
13 55
13 58
13 59
13 60
13 61
13 64
13 65
13 68
13 69
13 70
13 71
13 72
13 73
13 75
13 78
13 79
13 80
13 81
13 83
13 87
13 90
13 91
13 93
13 96
13 98
1 20
7 20
8 20
9 20
10 20
11 20
12 20
14 20
16 20
19 20
20 24
20 27
20 28
20 32
20 36
20 41
20 42
20 43
20 44
20 45
20 47
20 48
20 49
20 54
20 55
20 58
20 59
20 61
20 64
20 65
20 68
20 69
20 70
20 71
20 72
20 73
20 75
20 78
20 79
20 80
20 83
20 87
20 90
20 91
20 93
20 98
1 29
7 29
8 29
9 29
10 29
11 29
12 29
14 29
16 29
19 29
24 29
27 29
28 29
29 32
29 36
29 41
29 42
29 43
29 44
29 45
29 47
29 48
29 49
29 54
29 55
29 58
29 59
29 61
29 64
29 65
29 68
29 69
29 70
29 71
29 72
29 73
29 75
29 78
29 79
29 80
29 83
29 87
29 90
29 91
29 93
29 96
29 98
1 38
7 38
8 38
9 38
10 38
11 38
12 38
14 38
16 38
19 38
24 38
27 38
28 38
32 38
36 38
38 41
38 42
38 43
38 44
38 45
38 47
38 48
38 49
38 54
38 55
38 58
38 59
38 61
38 64
38 65
38 68
38 69
38 70
38 71
38 72
38 73
38 75
38 78
38 79
38 80
38 83
38 87
38 90
38 91
38 93
38 98
1 50
7 50
8 50
9 50
10 50
11 50
12 50
14 50
15 50
16 50
19 50
24 50
27 50
28 50
32 50
36 50
41 50
42 50
43 50
44 50
45 50
47 50
48 50
49 50
50 54
50 55
50 58
50 59
50 61
50 64
50 65
50 68
50 69
50 70
50 71
50 72
50 73
50 75
50 78
50 79
50 80
50 83
50 87
50 90
50 91
50 93
50 96
50 98
1 52
7 52
8 52
9 52
10 52
11 52
12 52
14 52
15 52
16 52
19 52
27 52
28 52
32 52
36 52
41 52
42 52
43 52
44 52
45 52
47 52
48 52
49 52
52 54
52 55
52 58
52 59
52 61
52 64
52 65
52 68
52 69
52 70
52 71
52 72
52 73
52 75
52 78
52 79
52 80
52 83
52 87
52 90
52 91
52 93
52 98
1 81
7 81
8 81
9 81
10 81
11 81
12 81
14 81
16 81
19 81
24 81
27 81
28 81
32 81
36 81
41 81
42 81
43 81
44 81
45 81
47 81
48 81
49 81
54 81
55 81
58 81
59 81
61 81
64 81
65 81
68 81
69 81
70 81
71 81
72 81
73 81
75 81
78 81
79 81
80 81
81 83
81 87
81 90
81 91
81 93
81 96
81 98
1 15
7 15
8 15
9 15
10 15
11 15
12 15
14 15
15 16
15 19
15 24
15 27
15 28
15 32
15 36
15 41
15 42
15 43
15 44
15 45
15 47
15 48
15 49
15 54
15 55
15 58
15 59
15 61
15 64
15 65
15 68
15 69
15 70
15 71
15 72
15 73
15 75
15 78
15 79
15 80
15 83
15 87
15 90
15 91
15 93
15 96
15 98
1 14
9 14
10 14
11 14
12 14
14 16
14 19
14 24
14 28
14 32
14 36
14 41
14 44
14 47
14 48
14 49
14 58
14 59
14 60
14 61
14 64
14 65
14 68
14 69
14 71
14 75
14 78
14 83
14 90
14 96
14 98
1 43
8 43
9 43
10 43
11 43
12 43
16 43
19 43
24 43
27 43
28 43
32 43
36 43
41 43
42 43
43 44
43 47
43 48
43 49
43 55
43 58
43 59
43 60
43 61
43 64
43 65
43 68
43 69
43 70
43 71
43 75
43 78
43 83
43 87
43 90
43 91
43 96
10 45
11 45
12 45
16 45
19 45
24 45
28 45
32 45
36 45
41 45
44 45
45 47
45 48
45 49
45 59
45 60
45 64
45 65
45 68
45 69
45 71
45 75
45 80
45 83
45 87
45 91
45 96
45 98
1 47
7 47
8 47
11 47
12 47
16 47
19 47
24 47
27 47
28 47
41 47
47 48
47 49
47 54
47 55
47 58
47 60
47 61
47 65
47 68
47 69
47 70
47 71
47 72
47 73
47 75
47 78
47 79
47 83
47 87
47 93
47 96
1 64
7 64
8 64
11 64
12 64
16 64
19 64
24 64
27 64
28 64
41 64
48 64
49 64
54 64
55 64
58 64
60 64
61 64
64 65
64 68
64 69
64 70
64 71
64 72
64 73
64 75
64 78
64 79
64 83
64 87
64 93
64 96
1 72
9 72
10 72
11 72
12 72
16 72
19 72
24 72
28 72
32 72
36 72
41 72
44 72
48 72
49 72
58 72
59 72
60 72
61 72
65 72
68 72
69 72
71 72
72 75
72 78
72 83
72 90
72 96
72 98
7 80
11 80
12 80
16 80
19 80
24 80
27 80
28 80
36 80
41 80
44 80
48 80
54 80
58 80
60 80
61 80
65 80
68 80
69 80
70 80
73 80
75 80
78 80
80 83
80 87
80 96
9 87
10 87
11 87
12 87
19 87
24 87
28 87
32 87
42 87
44 87
48 87
49 87
58 87
59 87
60 87
61 87
65 87
68 87
69 87
71 87
75 87
87 90
87 93
87 96
1 93
7 93
8 93
9 93
10 93
11 93
12 93
16 93
19 93
24 93
27 93
28 93
32 93
36 93
41 93
42 93
44 93
48 93
49 93
54 93
55 93
58 93
59 93
60 93
61 93
65 93
68 93
69 93
70 93
71 93
75 93
78 93
79 93
83 93
90 93
91 93
93 96
1 98
7 98
11 98
12 98
16 98
19 98
24 98
27 98
28 98
41 98
44 98
48 98
49 98
58 98
60 98
61 98
65 98
68 98
69 98
71 98
73 98
75 98
78 98
83 98
96 98
1 9
7 9
8 9
9 11
9 12
9 16
9 19
9 24
9 27
9 28
9 36
9 41
9 48
9 54
9 55
9 60
9 61
9 65
9 68
9 70
9 73
9 75
9 78
9 83
9 96
1 10
7 10
8 10
10 11
10 12
10 16
10 19
10 24
10 27
10 28
10 36
10 41
10 48
10 49
10 54
10 55
10 58
10 60
10 61
10 65
10 68
10 69
10 70
10 71
10 73
10 75
10 78
10 79
10 83
10 96
1 27
11 27
19 27
24 27
